! Multipole moments for ethene
! Based on DF-type : ISA-GRID

  C0     0.00000000     0.00000000     0.00000000     Type   CM      Rank   4
		Q00   = -0.306251 
		Q10   = -0.023877 
		Q11c  = 0.000000 
		Q11s  = 0.000000 
		Q20   = 0.000999 
		Q21c  = 0.000000 
		Q21s  = 0.000000 
		Q22c  = -0.057397 
		Q22s  = 0.000000 
		Q30   = 0.074264 
		Q31c  = 0.000000 
		Q31s  = -0.000000 
		Q32c  = 0.637421 
		Q32s  = -0.000000 
		Q33c  = -0.000000 
		Q33s  = 0.000000 
		Q40   = -1.056967 
		Q41c  = 0.000000 
		Q41s  = -0.000000 
		Q42c  = 0.605340 
		Q42s  = 0.000000 
		Q43c  = -0.000000 
		Q43s  = 0.000000 
		Q44c  = 1.142623 
		Q44s  = 0.000000 

  C1     0.00000000     0.00000000    -2.53034300     Type   CM      Rank   4
		Q00   = -0.306234 
		Q10   = 0.023881 
		Q11c  = 0.000000 
		Q11s  = -0.000000 
		Q20   = 0.001000 
		Q21c  = 0.000000 
		Q21s  = 0.000000 
		Q22c  = -0.057404 
		Q22s  = 0.000000 
		Q30   = -0.074274 
		Q31c  = -0.000000 
		Q31s  = 0.000000 
		Q32c  = -0.637381 
		Q32s  = -0.000000 
		Q33c  = 0.000000 
		Q33s  = -0.000000 
		Q40   = -1.057006 
		Q41c  = 0.000000 
		Q41s  = -0.000000 
		Q42c  = 0.605342 
		Q42s  = -0.000000 
		Q43c  = -0.000000 
		Q43s  = 0.000000 
		Q44c  = 1.142602 
		Q44s  = -0.000000 

  H2     0.00000000     1.75536700     1.06316000     Type   HM      Rank   4
		Q00   = 0.153121 
		Q10   = 0.010811 
		Q11c  = 0.000000 
		Q11s  = 0.032542 
		Q20   = 0.012151 
		Q21c  = 0.000000 
		Q21s  = -0.003079 
		Q22c  = -0.017977 
		Q22s  = 0.000000 
		Q30   = -0.005565 
		Q31c  = 0.000000 
		Q31s  = 0.021107 
		Q32c  = -0.000262 
		Q32s  = 0.000000 
		Q33c  = 0.000000 
		Q33s  = -0.035072 
		Q40   = -0.012315 
		Q41c  = 0.000000 
		Q41s  = -0.019826 
		Q42c  = -0.007623 
		Q42s  = 0.000000 
		Q43c  = -0.000000 
		Q43s  = -0.004093 
		Q44c  = -0.034642 
		Q44s  = 0.000000 

  H3     0.00000000    -1.75536700     1.06316000     Type   HM      Rank   4
		Q00   = 0.153121 
		Q10   = 0.010811 
		Q11c  = 0.000000 
		Q11s  = -0.032542 
		Q20   = 0.012151 
		Q21c  = 0.000000 
		Q21s  = 0.003079 
		Q22c  = -0.017977 
		Q22s  = -0.000000 
		Q30   = -0.005565 
		Q31c  = 0.000000 
		Q31s  = -0.021107 
		Q32c  = -0.000262 
		Q32s  = -0.000000 
		Q33c  = -0.000000 
		Q33s  = 0.035072 
		Q40   = -0.012315 
		Q41c  = 0.000000 
		Q41s  = 0.019826 
		Q42c  = -0.007623 
		Q42s  = 0.000000 
		Q43c  = -0.000000 
		Q43s  = 0.004093 
		Q44c  = -0.034642 
		Q44s  = -0.000000 

  H4     0.00000000     1.75536700    -3.59350300     Type   HM      Rank   4
		Q00   = 0.153118 
		Q10   = -0.010811 
		Q11c  = -0.000000 
		Q11s  = 0.032543 
		Q20   = 0.012151 
		Q21c  = 0.000000 
		Q21s  = 0.003078 
		Q22c  = -0.017979 
		Q22s  = 0.000000 
		Q30   = 0.005565 
		Q31c  = -0.000000 
		Q31s  = 0.021108 
		Q32c  = 0.000262 
		Q32s  = 0.000000 
		Q33c  = -0.000000 
		Q33s  = -0.035072 
		Q40   = -0.012316 
		Q41c  = 0.000000 
		Q41s  = 0.019826 
		Q42c  = -0.007622 
		Q42s  = -0.000000 
		Q43c  = -0.000000 
		Q43s  = 0.004092 
		Q44c  = -0.034642 
		Q44s  = -0.000000 

  H5     0.00000000    -1.75536700    -3.59350300     Type   HM      Rank   4
		Q00   = 0.153118 
		Q10   = -0.010811 
		Q11c  = 0.000000 
		Q11s  = -0.032543 
		Q20   = 0.012152 
		Q21c  = 0.000000 
		Q21s  = -0.003078 
		Q22c  = -0.017979 
		Q22s  = -0.000000 
		Q30   = 0.005565 
		Q31c  = -0.000000 
		Q31s  = -0.021108 
		Q32c  = 0.000262 
		Q32s  = -0.000000 
		Q33c  = 0.000000 
		Q33s  = 0.035072 
		Q40   = -0.012316 
		Q41c  = 0.000000 
		Q41s  = -0.019826 
		Q42c  = -0.007622 
		Q42s  = 0.000000 
		Q43c  = -0.000000 
		Q43s  = -0.004092 
		Q44c  = -0.034643 
		Q44s  = -0.000000 

